                                                                                                                                                                   label          2023          2022 2022_duplicate          2021 2021_duplicate          2020 2020_duplicate          2019
0                                                                                                                             Statement of Financial Position [Abstract]                                                                                                                   
1                                                                                                                                                                ASSETS:                                                                                                                   
2                                                                                                                                                        Current assets:                                                                                                                   
3                                                                                                                                              Cash and cash equivalents   29965000000   23646000000    23646000000   34940000000    34940000000   38016000000    38016000000   48844000000
4                                                                                                                                                  Marketable securities   31590000000   24658000000    24658000000   27699000000    27699000000   52927000000    52927000000   51713000000
5                                                                                                                                                  Marketable securities   31590000000   24658000000    24658000000   27699000000    27699000000   52927000000   100887000000  105341000000
6                                                                                                                                                  Marketable securities   31590000000   24658000000    24658000000   27699000000   127877000000  100887000000    52927000000   51713000000
7                                                                                                                                                  Marketable securities   31590000000   24658000000    24658000000   27699000000   127877000000  100887000000   100887000000  105341000000
8                                                                                                                                                  Marketable securities   31590000000   24658000000   120805000000  127877000000    27699000000   52927000000    52927000000   51713000000
9                                                                                                                                                  Marketable securities   31590000000   24658000000   120805000000  127877000000    27699000000   52927000000   100887000000  105341000000
10                                                                                                                                                 Marketable securities   31590000000   24658000000   120805000000  127877000000   127877000000  100887000000    52927000000   51713000000
11                                                                                                                                                 Marketable securities   31590000000   24658000000   120805000000  127877000000   127877000000  100887000000   100887000000  105341000000
12                                                                                                                                              Accounts receivable, net   29508000000   28184000000    28184000000   26278000000    26278000000   16120000000    16120000000   22926000000
13                                                                                                                                          Vendor non-trade receivables   31477000000   32748000000    32748000000   25228000000    25228000000   21325000000    21325000000   22878000000
14                                                                                                                                                           Inventories    6331000000    4946000000     4946000000    6580000000     6580000000    4061000000     4061000000    4106000000
15                                                                                                                                                  Other current assets   14695000000   21223000000    21223000000   14111000000    14111000000   11264000000    11264000000   12352000000
16                                                                                                                                                  Total current assets  143566000000  135405000000   135405000000  134836000000   134836000000  143713000000   143713000000  162819000000
17                                                                                                                                                   Non-current assets:                                                                                                                   
18                                                                                                                                                 Marketable securities  100544000000  120805000000    24658000000   27699000000    27699000000   52927000000    52927000000   51713000000
19                                                                                                                                                 Marketable securities  100544000000  120805000000    24658000000   27699000000    27699000000   52927000000   100887000000  105341000000
20                                                                                                                                                 Marketable securities  100544000000  120805000000    24658000000   27699000000   127877000000  100887000000    52927000000   51713000000
21                                                                                                                                                 Marketable securities  100544000000  120805000000    24658000000   27699000000   127877000000  100887000000   100887000000  105341000000
22                                                                                                                                                 Marketable securities  100544000000  120805000000   120805000000  127877000000    27699000000   52927000000    52927000000   51713000000
23                                                                                                                                                 Marketable securities  100544000000  120805000000   120805000000  127877000000    27699000000   52927000000   100887000000  105341000000
24                                                                                                                                                 Marketable securities  100544000000  120805000000   120805000000  127877000000   127877000000  100887000000    52927000000   51713000000
25                                                                                                                                                 Marketable securities  100544000000  120805000000   120805000000  127877000000   127877000000  100887000000   100887000000  105341000000
26                                                                                                                                    Property, plant and equipment, net   43715000000   42117000000    42117000000   39440000000    39440000000   36766000000    36766000000   37378000000
27                                                                                                                                              Other non-current assets   64758000000   54428000000    54428000000   48849000000    48849000000   42522000000    42522000000   32978000000
28                                                                                                                                              Total non-current assets  209017000000  217350000000   217350000000  216166000000   216166000000  180175000000   180175000000  175697000000
29                                                                                                                                                          Total assets  352583000000  352755000000   352755000000  351002000000   351002000000  323888000000   323888000000  338516000000
30                                                                                                                                 LIABILITIES AND SHAREHOLDERS’ EQUITY:                                                                                                                   
31                                                                                                                                                  Current liabilities:                                                                                                                   
32                                                                                                                                                      Accounts payable   62611000000   64115000000    64115000000   54763000000    54763000000   42296000000    42296000000   46236000000
33                                                                                                                                             Other current liabilities   58829000000   60845000000    60845000000   47493000000    47493000000   42684000000    42684000000   37720000000
34                                                                                                                                                      Deferred revenue    8061000000    7912000000     7912000000    7612000000     7612000000    6643000000     6643000000    5522000000
35                                                                                                                                                      Commercial paper    5985000000    9982000000     9982000000    6000000000     6000000000    4996000000   5000000000.0  6000000000.0
36                                                                                                                                                             Term debt    9822000000   11128000000    11128000000    9613000000     9613000000    8773000000     8773000000   10260000000
37                                                                                                                                                             Term debt    9822000000   11128000000    11128000000    9613000000     9613000000    8773000000    98667000000   91807000000
38                                                                                                                                                             Term debt    9822000000   11128000000    11128000000    9613000000   109106000000   98667000000     8773000000   10260000000
39                                                                                                                                                             Term debt    9822000000   11128000000    11128000000    9613000000   109106000000   98667000000    98667000000   91807000000
40                                                                                                                                                             Term debt    9822000000   11128000000    98959000000  109106000000     9613000000    8773000000     8773000000   10260000000
41                                                                                                                                                             Term debt    9822000000   11128000000    98959000000  109106000000     9613000000    8773000000    98667000000   91807000000
42                                                                                                                                                             Term debt    9822000000   11128000000    98959000000  109106000000   109106000000   98667000000     8773000000   10260000000
43                                                                                                                                                             Term debt    9822000000   11128000000    98959000000  109106000000   109106000000   98667000000    98667000000   91807000000
44                                                                                                                                             Total current liabilities  145308000000  153982000000   153982000000  125481000000   125481000000  105392000000   105392000000  105718000000
45                                                                                                                                              Non-current liabilities:                                                                                                                   
46                                                                                                                                                             Term debt   95281000000   98959000000    11128000000    9613000000     9613000000    8773000000     8773000000   10260000000
47                                                                                                                                                             Term debt   95281000000   98959000000    11128000000    9613000000     9613000000    8773000000    98667000000   91807000000
48                                                                                                                                                             Term debt   95281000000   98959000000    11128000000    9613000000   109106000000   98667000000     8773000000   10260000000
49                                                                                                                                                             Term debt   95281000000   98959000000    11128000000    9613000000   109106000000   98667000000    98667000000   91807000000
50                                                                                                                                                             Term debt   95281000000   98959000000    98959000000  109106000000     9613000000    8773000000     8773000000   10260000000
51                                                                                                                                                             Term debt   95281000000   98959000000    98959000000  109106000000     9613000000    8773000000    98667000000   91807000000
52                                                                                                                                                             Term debt   95281000000   98959000000    98959000000  109106000000   109106000000   98667000000     8773000000   10260000000
53                                                                                                                                                             Term debt   95281000000   98959000000    98959000000  109106000000   109106000000   98667000000    98667000000   91807000000
54                                                                                                                                         Other non-current liabilities   49848000000   49142000000    49142000000   53325000000    53325000000   54490000000    54490000000   50503000000
55                                                                                                                                         Total non-current liabilities  145129000000  148101000000   148101000000  162431000000   162431000000  153157000000   153157000000  142310000000
56                                                                                                                                                     Total liabilities  290437000000  302083000000   302083000000  287912000000   287912000000  258549000000   258549000000  248028000000
57                                                                                                                                         Commitments and contingencies                                                                                                                   
58                                                                                                                          Common stock, shares outstanding (in shares)   15550061000   15943425000    64849000000   57365000000    57365000000   50779000000    50779000000   45174000000
59                                                                                                                               Common stock, shares issued (in shares)   15550061000   15943425000    64849000000   57365000000    57365000000   50779000000    50779000000   45174000000
60                                                                                                                                                 Shareholders’ equity:                                                                                                                   
61  Common stock and additional paid-in capital, $0.00001 par value: 50,400,000 shares authorized; 15,550,061 and 15,943,425 shares issued and outstanding, respectively   73812000000   64849000000    64849000000   57365000000    57365000000   50779000000    50779000000   45174000000
62                                                                                                                                                   Accumulated deficit    -214000000   -3068000000    -3068000000    5562000000      163000000    -406000000     -406000000    -584000000
63                                                                                                                                  Accumulated other comprehensive loss  -11452000000  -11109000000   -11109000000     163000000      163000000    -406000000     -406000000    -584000000
64                                                                                                                                            Total shareholders’ equity   62146000000   50672000000    50672000000   63090000000    63090000000   65339000000    65339000000   90488000000
65                                                                                                                            Total liabilities and shareholders’ equity  352583000000  352755000000   352755000000  351002000000   351002000000  323888000000   323888000000  338516000000